start=368.284583
speed=3.452271
fullscreen=yes
