start=9631.200000
speed=1.999999
pause=yes
volume=130.000000
brightness=3
sub-pos=101
sub-visibility=no
sub-scale=0.900000
