start=142.725917
speed=2.143589
fullscreen=yes
