start=1400.023625
speed=2.143589
fullscreen=yes
