start=3224.625000
speed=2.143589
fullscreen=yes
