start=18.852167
speed=6.727500
fullscreen=yes
