start=998.163833
speed=2.593743
fullscreen=yes
