start=1413.453708
speed=2.593742
fullscreen=yes
