start=1417.124042
speed=2.143589
fullscreen=yes
