start=10.468792
speed=2.593742
fullscreen=yes
