start=349.932917
speed=1.948717
pause=yes
