start=1353.810792
fullscreen=yes
sub-delay=0.100000
