start=5930.299375
speed=2.143589
