start=3.920583
speed=2.143589
fullscreen=yes
