start=2533.823000
speed=2.000000
fullscreen=yes
