start=1282.114167
speed=3.797498
fullscreen=yes
