start=174.174000
speed=2.143589
fullscreen=yes
