start=382.173458
speed=5.054470
fullscreen=yes
