start=0.000000
speed=2.357948
fullscreen=yes
