start=1286.285000
speed=2.143589
fullscreen=yes
