start=317.984333
speed=2.143589
fullscreen=yes
