start=1325.032042
speed=1.100000
fullscreen=yes
