start=74.741333
speed=2.143589
fullscreen=yes
