start=571.153917
fullscreen=yes
sub-delay=0.100000
