start=5.588917
speed=2.143589
volume=92.000000
fullscreen=yes
sub-delay=0.100000
