start=6.297958
ab-loop-a=0.166833
