start=550.591708
speed=2.143589
