start=17.600917
speed=2.143589
fullscreen=yes
