start=2525.690000
speed=1.771561
sid=1
