start=1335.834500
speed=2.143589
fullscreen=yes
