start=21.229542
speed=2.143589
fullscreen=yes
brightness=-15
contrast=-10
sub-delay=0.100000
