start=183.892042
speed=2.143589
fullscreen=yes
