start=1410.742667
speed=2.143589
fullscreen=yes
